# ========== COLORED BRICKS ==========
# Colored Brick - 1_1
8	272	106	2403	5	3
8	272	106	2403	5	3
8	240	138	2402	3	3
# Colored Brick - 1_2
8	512	74	2404	7	4
8	464	106	2402	5	4
8	400	138	2401	3	5
8	512	154	2401	2	6
# Colored Brick - 3_1
8	1328	90	2403	6	6
8	1296	122	2402	4	6
8	1264	154	2401	2	6
# Clored Brick - 3_2
8	1312	-86	2402	2	4
# Clored Brick - 5_1
8	2176	42	2401	9	3
8	2144	138	2402	3	3

# ========== TOOTH BRICKS ==========
# Tooth Brick - 1
1	1408	-38	2440
1	1424	-38	2440
1	1440	-38	2440
1	1456	-38	2440
# Tooth Brick - 2
1	1488	-54	2440
1	1504	-54	2440
1	1520	-54	2440
1	1536	-54	2440
1	1552	-54	2440
1	1568	-54	2440
1	1584	-54	2440
1	1600	-54	2440
1	1616	-54	2440
1	1632	-54	2440
1	1648	-54	2440
1	1664	-54	2440
1	1680	-54	2440

# ========== BRICKS ==========
# Brick Group - 1
1	1504	106	2
1	1520	106	2
# Brick Group - 2
1	1568	170	2
1	1584	154	2
1	1584	170	2
1	1600	138	2
1	1600	154	2
1	1600	170	2
# Brick Group - 3
1	1664	138	2
1	1664	154	2
1	1664	170	2
1	1680	154	2
1	1680	170	2
1	1696	170	2
# Brick Group - 4
1	2256	74	2
1	2272	74	2
# Brick Group - 5
1	2256	138	2
1	2272	138	2

# ========== COINS ==========
# Coin Group - 1
12	1072	90	2451
12	1104	58	2451
12	1136	26	2451
12	1168	-6	2451
12	1200	-38	2451
# Coin Group - 2
12	1328	-150	2451
12	1344	-150	2451
12	1360	-150	2451
# Coin Group - 3
12	1472	-118	2451
12	1488	-118	2451
# Coin Group - 4
12	1536	-102	2451
12	1552	-102	2451
12	1568	-102	2451
12	1584	-102	2451
# Coin Group - 5
12	1616	-118	2451
12	1632	-118	2451
12	1648	-118	2451
12	1664	-118	2451
# Coin Group - 6
12	1696	-86	2451
12	1728	-118	2451
12	1760	-102	2451
12	1824	-134	2451
12	1856	-102	2451

# ========== SQUARE BRICKS ==========
# Square Brick Group - 1
11	1952	170	24401	24402
11	1968	154	24401	24402
11	1968	170	24401	24402
11	1984	138	24401	24402
11	1984	154	24401	24402
11	1984	170	24401	24402
11	2000	138	24401	24402
11	2000	154	24401	24402
11	2000	170	24401	24402
11	2016	138	24401	24402
11	2016	154	24401	24402
11	2016	170	24401	24402
11	2032	138	24401	24402
11	2032	154	24401	24402
11	2032	170	24401	24402
11	2048	170	24401	24402
# Square Brick Group - 2
11	2096	154	24401	24402
11	2096	170	24401	24402
11	2112	170	24401	24402


# ========== PLATFORM ==========
2	0	186	230	1	39
2	624	170	230	2	29
2	1152	186	230	1	22
2	1536	186	230	1	5
2	1664	186	230	1	36
2	2256	186	230	1	35

# ========== QUESTION BRICKS ==========
10	176	122	22	12	2451
10	192	122	22	12	2451
10	224	74	22	12	2451
10	240	74	22	13	2461	0
10	416	90	22	12	2451
10	656	154	22	14	2462
10	704	122	22	12	2451
10	1472	138	22	14	2462
10	1440	-102	24401	13	2461	1

# ========== MARIO ==========
0	50	158	1	12

# ========== GOOMBA ==========
3	224	166	3	0
3	528	170	3	0
3	832	154	3	0
3	880	154	3	0
3	944	152	30	1

# ========== KOOPA ==========
4	576	122	32	0
4	1328	63	31	1
4	1376	63	31	1
4	1424	63	31	1
4	1472	159	31	0
4	2100	127	32	0


# ===== TUBES =====
9	352	138	2441	3	1	5	33	34
9	1792	154	2441	2	1	7	35
9	1856	138	2441	3	1	6	330	34
9	2256	-118	2441	12	1
9	2256	154	2441	2	0
9	2320	154	2441	2	1