16	0	32	9910	2	1	1	0	2	-1	9000	0	-1
17	70	-80	9912	6000	0	-1	7000	3	-1	7600	1	-1	9000	6	-1
18	100	165	9911	2	2	9000	1	-1
13	32	0	1301	0	0	3	0	9000	0	0	9400	1	0
14	144	0	1401	0	0	-1	9000	1	-1
4	144	0	4001	0	11	0	9000	12	0	9600	13	0	9900	3	0
3	64	0	3001	0	900	0	9000	0	0	15500	100	0
22	176	0	2200	0	6	-1	9000	7	-1
0	0	154	101	10	0	0	10	4000	100	10	4300	500	10	4400	100	10	5500	500	10	5700	100	10
0	288	154	101	2	0	50	2	4000	200	2	5450	50	2	5500	70	2	5900	50	2	9600	80	2	9800	50	2	10000	90	2	13500	500	2	14000	510	3	15600	50	3	16000	100	3	18000	0	3
16	0	25	9910	2	12	0	1000	1	-1