# -- green
8001	8001	8002	8003	8004	8005	8006	8007	8008	8009	8041	8042	8043	8044
# -- pink
8002	8011	8012	8013	8014	8015	8016	8017	8018	8019	8041	8042	8043	8044
# -- sky blue
8003	8021	8022	8023	8024	8025	8026	8027	8028	8029	8041	8042	8043	8044
# -- white
8004	8031	8032	8033	8034	8035	8036	8037	8038	8039	8041	8042	8043	8044
# -- green with strapes
8005	8051	8052	8053	8054	8055	8056	8057	8058	8059	8041	8042	8043	8044
# -- orange with strapes
8006	8061	8062	8063	8064	8065	8066	8067	8068	8069	8041	8042	8043	8044