# World 1
1	0	16	32	-1	-1	1	-1	19	9800	2	11	0
1	1	48	32	0	2	-1	12	-1
1	2	48	0	-1	-1	3	1	19	9800	1	0	0
1	3	80	0	2	-1	4	-1	-1
1	4	112	0	3	-1	5	9	19	9800	2	1	0
1	5	144	0	4	-1	6	-1	19	9800	2	2	0
1	6	176	0	5	-1	-1	7	-1
1	7	176	32	8	6	-1	-1	19	9800	2	9	1
1	8	144	32	9	-1	7	-1	19	9800	2	3	0
1	9	112	32	-1	4	8	10	-1
1	10	112	64	11	9	-1	-1	19	9800	2	8	1
1	11	80	64	12	-1	10	-1	19	9800	2	7	1
1	12	48	64	-1	1	11	13	-1
1	13	48	96	-1	12	-1	14	-1
1	14	48	128	-1	13	15	-1	19	9800	2	4	0
1	15	80	128	14	-1	16	-1	-1
1	16	112	128	15	17	-1	-1	19	9800	2	5	0
1	17	112	96	18	-1	19	16	-1
1	18	80	96	-1	-1	17	-1	19	9800	2	9	1
1	19	144	96	17	-1	20	-1	-1
1	20	176	96	19	-1	-1	-1	19	9800	2	10	0