[TEXTURES]
0	textures\mario.png	255	255	255
10	textures\tiles_2.png	255	127	127
20	textures\tiles_2.png	224	163	216
30	textures\tiles.png	255	128	192
40	textures\tiles-4.png	4	193	170

[SPRITES]
# BIG MARIO 
# idle right
10001	216	243	230	270	0
# walk
10002	255	243	271	270	0		
10003	295	243	311	270	0
# jump
10004	335	89	351	105	0
# turn left
10005	215	283	231	311	0
# idle left
10011	176	243	190	270	0
# walk
10012	135	243	151	270	0
10013	95	243	111	270	0
# jump
10014	55	89	71	105	0
# turn right
10015	175	283	191	311	0

# SMALL MARIO
# idle small right
10021	217	89	229	104	0
# walk right
10022	256	89	271	104	0
# jump
10023	335	244	351	270	0
# turn left
10024	216	129	230	145	0
# idle small left
10031	177	89	189	104	0
# walk left
10032	135	89	150	104	0
# jump
10033	55	244	71	270	0
# turn right
10034	176	129	192	145	0
# die 
10099	15	209	31	225	0

#MARIO (TAIL)
#idle tail right
10041	212	443	233	471	0
#walk tail right
10042	236	443	259	471	0
10043	262	443	284	471	0
10044	291	443	314	471	0
# jump
10045	331	443	354	470	0
# turn left
10046	215	482	231	512	0
#idle tail left
10051	173	443	194	471	0
#walk tail left
10052	147	443	170	471	0
10053	122	443	144	471	0
10054	92	443	115	471	0
# jump
10055	52	443	75	470	0
# turn right
10056	175	482	191	512	0

#MARIO (FIRE)
#idle fire right
10061	216	683	230	710	0
#walk fire right
10062	255	683	271	710	0
10063	295	683	311	710	0
#jump right
10064	335	684	351	710	0
#turn left
10065	215	723	231	751	0
#idle fire left
10071	176	683	190	710	0
#walk fire left
10072	135	683	151	710	0
10073	95	684	111	710	0
#jump left
10074	55	684	71	710	0
#turn right
10075	175	723	191	739	0

#COIN
20001	953	69	969	85	20
20002	970	69	986	85	20
20003	987	69	1003	85	20

#BRICK
30001	1055	171	1071	187	10

# BLACK BACKGROUND
40001	120	52	136	68	30

# TUBE
50001	188	375	204	391	40
50002	205	375	221	391	40
50003	156	375	172	391	40
50004	173	375	189	391	40
50005	120	375	136	391	40
50006	137	375	153	391	40

[ANIMATIONS]
# ==== MARIO =========
#idle big right
400	10001	100
#idle big left
401	10011	100
#idle small right
402	10021	100
#idle small left
403	10031	100
#idle tail right
404	10041	100
#idle tail left
405	10051	100
#idle fire right
406	10061	100
#idle fire left
407	10071	100

#walk right big
500	10001	100	10002	100	10003	100
#walk left big
501	10011	100	10012	100	10013	100
#walk right small
502	10021	40	10022	40
#walk left small
503	10031	100	10032	100
#walk tail right
504	10042	100	10043	100	10044	100
#walk tail left
505	10052	100	10053	100	10054	100
#walk fire right
506	10061	100	10062	100	10063	100
#walk fire left
507	10071	100	10072	100	10073	100

#run right big
600	10001	10	10002	10	10003	10
#run left big
601	10011	10	10012	10	10013	10
#run right small
602	10021	10	10022	10
#run left small
603	10031	10	10032	10
#run tail right
604	10042	10	10043	10	10044	10
#run tail left
605	10052	10	10053	10	10054	10
#run fire right
606	10061	10	10062	10	10063	10
#run fire left
607	10071	10	10072	10	10073	10

#jump right small
700	10023	100
#jump left small
701	10033	100
#jump right big
702	10004	100
#jump left big
703	10014	100
#jump right tail
704	10045	100
#jump left tail
705	10055	100
#jump left fire
706	10064	100
#jump right fire
707	10074	100

#turn left small
710	10024	100
#turn right small
711	10034	100
#turn left big
712	10005	100
#turn right big
713	10015	100
#turn left tail
714	10046	100
#turn right tail
715	10056	100
#turn left fire
716	10065	100
#turn right fire
717	10075	100

#die
599	10099	100

# ========== COIN ==========
801	20001	100	20002	100	20003	100	20002	100

# ========== BRICK ==========
901	30001	100

# ========== BACKGROUND ==========
1001	40001	100

# =========== TUBE ===========
1101	50001	100
1102	50002	100
1103	50003	100
1104	50004	100
1105	50005	100
1106	50006	100

[ANIMATION_SETS]
# MARIO
1	400	401	402	403	404	405	406	407	500	501	502	503	504	505	506	507	600	601	602	603	604	605	606	607	700	701	702	703	704	705	706	707	710	711	712	713	714	715	716	717	599
# COIN
2	801
# BRICK
3	901
# BLACK BACKGROUND
4	1001
# TUBE
5	1101	1102	1103	1104	1105	1106

[OBJECTS]

# BRICK
# -- Col 1
1	0	10	3
1	0	26	3
1	0	42	3
1	0	58	3
1	0	74	3
1	0	90	3
1	0	106	3
1	0	122	3
1	0	138	3
1	0	154	3
1	0	170	3
1	0	186	3
# -- Col 2
1	16	10	3
1	16	26	3
1	16	42	3
1	16	58	3
1	16	74	3
1	16	90	3
1	16	106	3
1	16	122	3
1	16	138	3
1	16	154	3
1	16	170	3
1	16	186	3
# -- Col 3
1	32	10	3
1	32	26	3
1	32	42	3
1	32	58	3
1	32	74	3
1	32	90	3
1	32	106	3
1	32	122	3
1	32	138	3
1	32	154	3
1	32	170	3
1	32	186	3
# -- Col 4
1	48	10	3
1	48	26	3
1	48	42	3
1	48	58	3
1	48	74	3
1	48	90	3
1	48	106	3
1	48	122	3
1	48	138	3
1	48	154	3
1	48	170	3
1	48	186	3
# -- Col 5
1	64	10	3
1	64	26	3
1	64	42	3
1	64	58	3
1	64	74	3
1	64	90	3
1	64	106	3
1	64	122	3
1	64	138	3
1	64	154	3
1	64	170	3
1	64	186	3
# -- Col 6
1	80	10	3
1	80	26	3
1	80	42	3
1	80	58	3
1	80	74	3
1	80	90	3
1	80	106	3
1	80	122	3
1	80	138	3
1	80	154	3
1	80	170	3
1	80	186	3
# -- Col 7
1	96	10	3
1	96	26	3
1	96	42	3
1	96	58	3
1	96	74	3
1	96	90	3
1	96	106	3
1	96	122	3
1	96	138	3
1	96	154	3
1	96	170	3
1	96	186	3
# -- Col 8
1	112	10	3
1	112	26	3
1	112	42	3
1	112	58	3
1	112	74	3
1	112	90	3
1	112	106	3
1	112	122	3
1	112	138	3
1	112	154	3
1	112	170	3
1	112	186	3
# -- Col 9
11	128	10	4
11	128	26	4
11	128	42	4
11	128	58	4
11	128	74	4
11	128	90	4
11	128	106	4
11	128	122	4
11	128	138	4
11	128	154	4
1	128	170	3
1	128	186	3
# -- Col 10
11	144	10	4
11	144	26	4
11	144	42	4
11	144	58	4
11	144	74	4
11	144	90	4
11	144	106	4
11	144	122	4
11	144	138	4
11	144	154	4
1	144	170	3
1	144	186	3
# -- Col 11
1	160	10	3
11	160	26	4
11	160	42	4
11	160	58	4
11	160	74	4
11	160	90	4
11	160	106	4
11	160	122	4
11	160	138	4
11	160	154	4
1	160	170	3
1	160	186	3
# -- Col 12
1	176	10	3
11	176	26	4
11	176	42	4
11	176	58	4
11	176	74	4
11	176	90	4
11	176	106	4
11	176	122	4
11	176	138	4
11	176	154	4
1	176	170	3
1	176	186	3
# -- Col 13
1	192	10	3
11	192	26	4
11	192	42	4
11	192	58	4
11	192	74	4
11	192	90	4
11	192	106	4
11	192	122	4
11	192	138	4
11	192	154	4
1	192	170	3
1	192	186	3
# -- Col 14
1	208	10	3
11	208	26	4
11	208	42	4
11	208	58	4
11	208	74	4
11	208	90	4
11	208	106	4
11	208	122	4
11	208	138	4
11	208	154	4
1	208	170	3
1	208	186	3
# -- Col 15
1	224	10	3
11	224	26	4
11	224	42	4
11	224	58	4
11	224	74	4
11	224	90	4
11	224	106	4
11	224	122	4
11	224	138	4
11	224	154	4
1	224	170	3
1	224	186	3
# -- Col 16
1	240	10	3
11	240	26	4
11	240	42	4
11	240	58	4
11	240	74	4
11	240	90	4
11	240	106	4
11	240	122	4
11	240	138	4
11	240	154	4
1	240	170	3
1	240	186	3
# -- Col 17
1	256	10	3
11	256	26	4
11	256	42	4
11	256	58	4
11	256	74	4
11	256	90	4
11	256	106	4
11	256	122	4
11	256	138	4
1	256	154	3
1	256	170	3
1	256	186	3
# -- Col 18
1	272	10	3
11	272	26	4
11	272	42	4
11	272	58	4
11	272	74	4
11	272	90	4
11	272	106	4
11	272	122	4
1	272	138	3
1	272	154	3
1	272	170	3
1	272	186	3
# -- Col 19
1	288	10	3
11	288	26	4
11	288	42	4
11	288	58	4
11	288	74	4
11	288	90	4
11	288	106	4
1	288	122	3
1	288	138	3
1	288	154	3
1	288	170	3
1	288	186	3
# -- Col 20
1	304	10	3
11	304	26	4
11	304	42	4
11	304	58	4
11	304	74	4
11	304	90	4
1	304	106	3
1	304	122	3
1	304	138	3
1	304	154	3
1	304	170	3
1	304	186	3
# -- Col 21
1	320	10	3
11	320	26	4
11	320	42	4
11	320	58	4
11	320	74	4
1	320	90	3
1	320	106	3
1	320	122	3
1	320	138	3
1	320	154	3
1	320	170	3
1	320	186	3
# -- Col 22
1	336	10	3
11	336	26	4
11	336	42	4
11	336	58	4
1	336	74	3
1	336	90	3
1	336	106	3
1	336	122	3
1	336	138	3
1	336	154	3
1	336	170	3
1	336	186	3
# -- Col 23
11	352	10	4
11	352	26	4
11	352	42	4
11	352	58	4
1	352	74	3
1	352	90	3
1	352	106	3
1	352	122	3
1	352	138	3
1	352	154	3
1	352	170	3
1	352	186	3
# -- Col 24
11	368	10	4
11	368	26	4
11	368	42	4
11	368	58	4
1	368	74	3
1	368	90	3
1	368	106	3
1	368	122	3
1	368	138	3
1	368	154	3
1	368	170	3
1	368	186	3
# -- Col 25
1	384	10	3
1	384	26	3
1	384	42	3
1	384	58	3
1	384	74	3
1	384	90	3
1	384	106	3
1	384	122	3
1	384	138	3
1	384	154	3
1	384	170	3
1	384	186	3
# -- Col 26
1	400	10	3
1	400	26	3
1	400	42	3
1	400	58	3
1	400	74	3
1	400	90	3
1	400	106	3
1	400	122	3
1	400	138	3
1	400	154	3
1	400	170	3
1	400	186	3
# -- Col 27
1	416	10	3
1	416	26	3
1	416	42	3
1	416	58	3
1	416	74	3
1	416	90	3
1	416	106	3
1	416	122	3
1	416	138	3
1	416	154	3
1	416	170	3
1	416	186	3
# -- Col 28
1	432	10	3
1	432	26	3
1	432	42	3
1	432	58	3
1	432	74	3
1	432	90	3
1	432	106	3
1	432	122	3
1	432	138	3
1	432	154	3
1	432	170	3
1	432	186	3
# -- Col 29
1	448	10	3
1	448	26	3
1	448	42	3
1	448	58	3
1	448	74	3
1	448	90	3
1	448	106	3
1	448	122	3
1	448	138	3
1	448	154	3
1	448	170	3
1	448	186	3
# -- Col 30
1	464	10	3
1	464	26	3
1	464	42	3
1	464	58	3
1	464	74	3
1	464	90	3
1	464	106	3
1	464	122	3
1	464	138	3
1	464	154	3
1	464	170	3
1	464	186	3
# -- Col 31
1	480	10	3
1	480	26	3
1	480	42	3
1	480	58	3
1	480	74	3
1	480	90	3
1	480	106	3
1	480	122	3
1	480	138	3
1	480	154	3
1	480	170	3
1	480	186	3
# -- Col 32
1	496	10	3
1	496	26	3
1	496	42	3
1	496	58	3
1	496	74	3
1	496	90	3
1	496	106	3
1	496	122	3
1	496	138	3
1	496	154	3
1	496	170	3
1	496	186	3

# TUBES
5	128	10	5	2	2
5	352	10	5	2	2

# COINS
8	208	50	2
8	224	34	2
8	240	34	2
8	256	50	2
8	256	66	2
8	224	82	2
8	240	82	2
8	256	98	2
8	256	114	2
8	224	130	2
8	240	130	2
8	208	114	2

# ===== MARIO =====
0	136	42	1