# id	file_path		r	g	b	(transparent color)
[TEXTURES]
0	textures\mario.png	255	255	255
20	textures\misc.png	176	224	248
10	textures\enemies.png	3	26	110
30	textures\tiles.png	255	128	192
40	textures\tiles_2.png	127	255	142

# id	left	top	right	bottom	texture_id
[SPRITES]
# BIG MARIO 
# idle right
10001	216	243	230	270	0
# walk
10002	255	243	271	270	0		
10003	295	243	311	270	0
# jump
10004	335	89	351	105	0
# idle left
10011	176	243	190	270	0
# walk
10012	135	243	151	270	0
10013	95	243	111	270	0
# jump
10014	55	89	71	105	0
# die 
10099	15	209	31	225	0

# SMALL MARIO
# idle small right
10021	217	89	229	104	0
# walk right
10022	256	89	271	104	0
# jump
10023	335	244	351	270	0
# idle small left
10031	177	89	189	104	0
# walk left
10032	135	89	150	104	0
# jump
10033	55	244	71	270	0

#MARIO (TAIL)
#idle tail right
10041	212	443	233	471	0
#walk tail right
10042	236	443	259	471	0
10043	262	443	284	471	0
10044	291	443	314	471	0
# jump
10045	331	443	354	470	0
#idle tail left
10051	173	443	194	471	0
#walk tail left
10052	147	443	170	471	0
10053	122	443	144	471	0
10054	92	443	115	471	0
# jump
10055	52	443	75	470	0

#MARIO (FIRE)
#idle fire right
10061	216	683	230	710	0
#walk fire right
10062	255	683	271	710	0
10063	295	683	311	710	0
#jump right
10064	335	684	351	710	0
#idle fire left
10071	176	683	190	710	0
#walk fire left
10072	135	683	151	710	0
10073	95	684	111	710	0
#jump left
10074	55	684	71	710	0

#BRICK
20001	408	225	424	241	20

#GOOMBA
30001	5	14	21	29	10
30002	25	14	41	29	10
#die
30003	45	21	61	29	10

#brick with question mark animation
40001	300	117	316	133	20
40002	318	117	334	133	20
40003	336	117	352	133	20
40004	355	117	370	133	20

# GROUND BRICK
50001	222	222	238	238	30
50002	239	222	255	238	30
50003	256	222	272	238	30

50004	443	171	459	187	40
50005	460	171	476	187	40
50006	477	171	493	187	40
						
# ani_id	sprite1_id	time1	sprite2_id	time2	...
[ANIMATIONS]

# ==== MARIO =========
#idle big right
400	10001	100
#idle big left
401	10011	100
#idle small right
402	10021	100
#idle small left
403	10031	100
#idle tail right
404	10041	100
#idle tail left
405	10051	100
#idle fire right
406	10061	100
#idle fire left
407	10071	100

#walk right big
500	10001	40	10002	40	10003	40
#walk left big
501	10011	100	10012	100	10013	100
#walk right small
502	10021	40	10022	40
#walk left small
503	10031	100	10032	100
#walk tail right
504	10042	100	10043	100	10044	100
#walk tail left
505	10052	100	10053	100	10054	100
#walk fire right
506	10061	100	10062	100	10063	100
#walk fire left
507	10071	100	10072	100	10073	100

#run right big
600	10001	10	10002	10	10003	10
#run left big
601	10011	10	10012	10	10013	10
#run right small
602	10021	10	10022	10
#run left small
603	10031	10	10032	10
#run tail right
604	10042	10	10043	10	10044	10
#run tail left
605	10052	10	10053	10	10054	10
#run fire right
606	10061	10	10062	10	10063	10
#run fire left
607	10071	10	10072	10	10073	10

#jump right small
700	10023	100
#jump left small
701	10033	100
#jump right big
702	10004	100
#jump left big
703	10014	100
#jump right tail
704	10045	100
#jump left tail
705	10055	100
#jump left fire
706	10064	100
#jump right fire
707	10074	100

#die
599	10099	100

# ==== BRICK =========
801	20001	100

# ==== QUESTION MARK BRICK =========
802	40001	1000	40001	100	40002	100	40003	100	40004	100

# ===== GROUND BRICK =====
# start
803	50001	100
804	50004	100
# middle
805	50002	100
806	50005	100
# end
807	50003	100
808	50006	100

# ==== GOOMBA  =========
# walk
901	30001	100	30002	100
# die
902	30003	100



#
# id	ani1	ani2	ani3
#
[ANIMATION_SETS]
# MARIO
1	400	401	402	403	404	405	406	407	500	501	502	503	504	505	506	507	600	601	602	603	604	605	606	607	700	701	702	703	704	705	706	707	599
# BRICK 
2	801
# QUESTION MARK BRICK 
22	802
# GROUND BRICK
230	803
2301	804
231	805
2311	806
232	807
2321	808
# GOOMBA
3	901	902

[OBJECTS]
# type	x	y	ani_set_id	extra_settings per object type
# type: 0 = Mario , 1 = Brick, 2 = Goomba
# MARIO
0	50.0	158	1

# GOOMBA
#2	200	135	3
#2	260	135	3
#2	320	135	3
#2	480	135	3
#2	500	135	3

# BRICK 
# --- platform (hint: I created the list using Excel!) ----
# Platform - 1_1
1 	0 	186 	230
1 	15 	186 	231
1 	30 	186	231
1 	45 	186 	231
1 	60 	186 	231
1 	75 	186 	231
1 	90 	186 	231
1 	105 	186 	231
1 	120 	186 	231
1 	135 	186 	231
1 	150 	186 	231
1 	165 	186 	231
1 	180 	186 	231
1 	195 	186 	231
1 	210 	186 	231
1 	225 	186 	231
1 	240 	186 	231
1 	255 	186 	231
1 	270 	186 	231
1 	285 	186 	231
1 	300 	186 	231
1 	315 	186 	231
1 	330 	186 	231
1 	345 	186 	231
1 	360 	186 	231
1 	375 	186 	231
1 	390 	186 	231
1 	405 	186 	231
1 	420 	186 	231
1 	435 	186 	231
1 	450 	186 	231
1 	465 	186 	231
1 	480 	186 	231
1 	495 	186 	231
1 	510 	186 	231
1 	525 	186 	231
1 	540 	186 	231
1 	555 	186 	231
1 	570 	186 	231
1 	585 	186 	231
1 	600 	186 	231
1 	615 	186 	231
1 	630 	186 	232

#Platform - 1_2
1 	647 	170 	230
1 	662 	170 	231
1 	677 	170 	231
1 	692 	170 	231
1 	707 	170 	231
1 	722 	170 	231
1 	737 	170 	231
1 	752 	170 	231
1 	767 	170 	231
1 	782 	170 	231
1 	797 	170 	231
1 	812 	170 	231
1 	827 	170 	231
1 	842 	170 	231
1 	857 	170 	231
1 	872 	170 	231
1 	887 	170 	231
1 	902 	170 	231
1 	917 	170 	231
1 	932 	170 	231
1 	947 	170 	231
1 	962 	170 	231
1 	977	170 	231
1 	992 	170 	231
1 	1007 	170 	231
1 	1022 	170 	231
1 	1037 	170 	231
1 	1052 	170 	231
1 	1067 	170 	231
1 	1082 	170 	231
1 	1097 	170 	232

1 	647 	186	2301
1 	662 	186	2311
1 	677 	186	2311
1 	692 	186	2311
1 	707 	186	2311
1 	722 	186	2311
1 	737 	186	2311
1 	752 	186	2311
1 	767 	186	2311
1 	782 	186	2311
1 	797 	186	2311
1 	812 	186	2311
1 	827 	186	2311
1 	842 	186	2311
1 	857 	186	2311
1 	872 	186	2311
1 	887 	186	2311
1 	902 	186	2311
1 	917 	186	2311
1 	932 	186	2311
1 	947 	186	2311
1 	962 	186	2311
1 	977	186	2311
1 	992 	186	2311
1 	1007 	186	2311
1 	1022 	186	2311
1 	1037 	186	2311
1 	1052 	186	2311
1 	1067 	186	2311
1 	1082 	186	2311
1 	1097 	186	2321

#Platform - 1_3
1 	1177 	186	230
1 	1192 	186	231
1 	1207 	186	231
1 	1222 	186	231
1 	1237 	186	231
1 	1252 	186	231
1 	1267 	186	231
1 	1282 	186	231
1 	1297 	186	231
1 	1312 	186	231
1 	1327 	186	231
1 	1342 	186	231
1 	1357 	186	231
1 	1372 	186	231
1 	1387 	186	231
1 	1402 	186	231
1 	1417 	186	231
1 	1432 	186	231
1 	1447 	186	231
1 	1462 	186	231
1 	1477 	186	231
1 	1492 	186	231
1 	1507 	186	231
1 	1522 	186	232

#Platform - 1_4
1 	1625 	186 	230
1 	1640 	186 	231
1 	1655 	186 	231
1 	1670 	186 	231
1 	1685 	186 	231
1 	1700 	186 	231
1 	1715 	186 	231
1 	1730 	186 	231
1 	1745 	186 	231
1 	1760 	186 	231
1 	1775 	186 	231
1	1790 	186 	231
1 	1805 	186 	231
1 	1820 	186 	231
1 	1835 	186 	231
1 	1850 	186 	231
1 	1865 	186 	231
1 	1880 	186 	231
1 	1895 	186 	232

# Platform - 1_5
1 	1960 	186 	230
1 	1975 	186 	231
1 	1990 	186 	231
1 	2005 	186 	231
1 	2020 	186 	231
1 	2035 	186 	231
1 	2050 	186 	231
1 	2065 	186 	231
1 	2080 	186 	231
1 	2095 	186 	231
1 	2110 	186 	231
1 	2125 	186 	231
1 	2140 	186 	231
1 	2155 	186 	231
1 	2170 	186 	231
1 	2185 	186 	231
1 	2200 	186 	231
1 	2215 	186 	231
1 	2230 	186 	231
1 	2245 	186 	231
1 	2260 	186 	231
1 	2275 	186 	231
1 	2290 	186 	231
1 	2305 	186 	231
1 	2320 	186 	231
1 	2335 	186 	231
1 	2350 	186 	231
1 	2365 	186 	231
1 	2380 	186 	231
1 	2395 	186 	231
1 	2410 	186 	231
1 	2425 	186 	231
1 	2440 	186 	231
1 	2455 	186 	231
1 	2470 	186 	231
1 	2485 	186 	231
1 	2500 	186 	231
1 	2515 	186 	231
1 	2530 	186 	231
1 	2545 	186 	232

# Platform - 1_6
1 	2577 	186 	230
1 	2592 	186 	231
1 	2607 	186 	231
1 	2622 	186 	231
1 	2637 	186 	231
1 	2652 	186 	231
1 	2667 	186 	231
1 	2682 	186 	231
1 	2697 	186	231
1 	2712 	186 	231
1 	2727 	186 	231
1 	2742 	186 	231
1 	2757 	186 	231
1 	2772 	186 	231
1 	2787 	186 	231
1 	2802 	186 	231
1 	2817 	186 	231
1 	2832 	186 	231
1 	2847 	186 	231
1 	2862 	186 	231
1 	2877 	186 	231
1 	2892 	186 	231
1 	2907 	186 	231
1 	2922 	186 	231
1 	2937 	186 	231
1 	2952 	186 	231
1 	2967 	186 	231
1 	2982 	186 	231
1 	2997 	186 	231
1 	3012 	186 	231
1 	3027 	186 	231
1 	3042 	186 	231
1 	3057 	186 	231
1 	3072 	186 	231
1 	3087 	186 	231
1 	3102 	186 	231
1 	3117 	186 	231
1 	3132 	186 	231
1 	3147 	186 	232




# ---- brick group 1 ----
#1	100	74	2
#1	100	90	22
#1	84	90	22

# ---- brick group 2 ----
#1	160	74	2
#1	160	90	22
#1	144	90	22

# ---- brick group 3 ----
#1	220	74	2
#1	220	90	22
#1	204	90	22

# --- SCENE PORTAL ----
# type	l	t	ani_set_id	r	b	scene_id
#50	300	98	0	316	150	1

